# Created by Octave 3.4.0, Tue Dec 09 22:45:28 2014 PST <wdeng@wdeng-mn1>
# name: v
# type: matrix
# rows: 10
# columns: 1
 3999
 3299
 3690
 2320
 5399
 2999
 3149
 1989
 2120
 2425


